0	0	21.6	15365.65	485.8
1	0	21.6	15365.65	485.8
2	0	21.6	15365.65	485.8
3	0	21.6	15365.65	485.8
4	0	21.6	15365.65	485.8
5	0	21.6	15365.65	485.8
6	0	21.6	15365.65	485.8
7	0	21.6	15365.65	485.8
8	0	21.6	15365.65	485.8
9	0	21.6	15365.65	485.8
10	0	21.6	16666.32	689.95
11	0	21.6	16666.32	689.95
12	0	21.6	16666.32	689.95
13	0	21.6	16666.32	689.95
14	0	21.6	16666.32	689.95
15	0	21.6	16666.32	689.95
16	0	21.6	16666.32	689.95
17	0	21.6	16666.32	689.95
18	0	21.6	16666.32	689.95
19	0	21.6	16666.32	689.95
20	0	17.7	18548.62	194.47
21	0	17.7	18548.62	194.47
22	0	17.7	18548.62	194.47
23	0	17.7	18548.62	194.47
24	0	17.7	18548.62	194.47
25	0	17.7	18548.62	194.47
26	0	17.7	18548.62	194.47
27	0	17.7	18548.62	194.47
28	0	17.7	18548.62	194.47
29	0	17.7	18548.62	194.47
30	0	22.5	17742	285.82
31	0	22.5	17742	285.82
32	0	22.5	17742	285.82
33	0	22.5	17742	285.82
34	0	22.5	17742	285.82
35	0	22.5	17742	285.82
36	0	22.5	17742	285.82
37	0	22.5	17742	285.82
38	0	22.5	17742	285.82
39	0	22.5	17742	285.82
0	1	21.6	15365.65	485.8
1	1	21.6	15365.65	485.8
2	1	21.6	15365.65	485.8
3	1	21.6	15365.65	485.8
4	1	21.6	15365.65	485.8
5	1	21.6	15365.65	485.8
6	1	21.6	15365.65	485.8
7	1	21.6	15365.65	485.8
8	1	21.6	15365.65	485.8
9	1	21.6	15365.65	485.8
10	1	21.6	16666.32	689.95
11	1	21.6	16666.32	689.95
12	1	21.6	16666.32	689.95
13	1	21.6	16666.32	689.95
14	1	21.6	16666.32	689.95
15	1	21.6	16666.32	689.95
16	1	21.6	16666.32	689.95
17	1	21.6	16666.32	689.95
18	1	21.6	16666.32	689.95
19	1	21.6	16666.32	689.95
20	1	17.7	18548.62	194.47
21	1	17.7	18548.62	194.47
22	1	17.7	18548.62	194.47
23	1	17.7	18548.62	194.47
24	1	17.7	18548.62	194.47
25	1	17.7	18548.62	194.47
26	1	17.7	18548.62	194.47
27	1	17.7	18548.62	194.47
28	1	17.7	18548.62	194.47
29	1	17.7	18548.62	194.47
30	1	22.5	17742	285.82
31	1	22.5	17742	285.82
32	1	22.5	17742	285.82
33	1	22.5	17742	285.82
34	1	22.5	17742	285.82
35	1	22.5	17742	285.82
36	1	22.5	17742	285.82
37	1	22.5	17742	285.82
38	1	22.5	17742	285.82
39	1	22.5	17742	285.82
0	2	21.6	15365.65	485.8
1	2	21.6	15365.65	485.8
2	2	21.6	15365.65	485.8
3	2	21.6	15365.65	485.8
4	2	21.6	15365.65	485.8
5	2	21.6	15365.65	485.8
6	2	21.6	15365.65	485.8
7	2	21.6	15365.65	485.8
8	2	21.6	15365.65	485.8
9	2	21.6	15365.65	485.8
10	2	21.6	16666.32	689.95
11	2	21.6	16666.32	689.95
12	2	21.6	16666.32	689.95
13	2	21.6	16666.32	689.95
14	2	21.6	16666.32	689.95
15	2	21.6	16666.32	689.95
16	2	21.6	16666.32	689.95
17	2	21.6	16666.32	689.95
18	2	21.6	16666.32	689.95
19	2	21.6	16666.32	689.95
20	2	17.7	18548.62	194.47
21	2	17.7	18548.62	194.47
22	2	17.7	18548.62	194.47
23	2	17.7	18548.62	194.47
24	2	17.7	18548.62	194.47
25	2	17.7	18548.62	194.47
26	2	17.7	18548.62	194.47
27	2	17.7	18548.62	194.47
28	2	17.7	18548.62	194.47
29	2	17.7	18548.62	194.47
30	2	22.5	17742	285.82
31	2	22.5	17742	285.82
32	2	22.5	17742	285.82
33	2	22.5	17742	285.82
34	2	22.5	17742	285.82
35	2	22.5	17742	285.82
36	2	22.5	17742	285.82
37	2	22.5	17742	285.82
38	2	22.5	17742	285.82
39	2	22.5	17742	285.82
0	3	21.6	15365.65	485.8
1	3	21.6	15365.65	485.8
2	3	21.6	15365.65	485.8
3	3	21.6	15365.65	485.8
4	3	21.6	15365.65	485.8
5	3	21.6	15365.65	485.8
6	3	21.6	15365.65	485.8
7	3	21.6	15365.65	485.8
8	3	21.6	15365.65	485.8
9	3	21.6	15365.65	485.8
10	3	21.6	16666.32	689.95
11	3	21.6	16666.32	689.95
12	3	21.6	16666.32	689.95
13	3	21.6	16666.32	689.95
14	3	21.6	16666.32	689.95
15	3	21.6	16666.32	689.95
16	3	21.6	16666.32	689.95
17	3	21.6	16666.32	689.95
18	3	21.6	16666.32	689.95
19	3	21.6	16666.32	689.95
20	3	17.7	18548.62	194.47
21	3	17.7	18548.62	194.47
22	3	17.7	18548.62	194.47
23	3	17.7	18548.62	194.47
24	3	17.7	18548.62	194.47
25	3	17.7	18548.62	194.47
26	3	17.7	18548.62	194.47
27	3	17.7	18548.62	194.47
28	3	17.7	18548.62	194.47
29	3	17.7	18548.62	194.47
30	3	22.5	17742	285.82
31	3	22.5	17742	285.82
32	3	22.5	17742	285.82
33	3	22.5	17742	285.82
34	3	22.5	17742	285.82
35	3	22.5	17742	285.82
36	3	22.5	17742	285.82
37	3	22.5	17742	285.82
38	3	22.5	17742	285.82
39	3	22.5	17742	285.82
0	4	21.6	15365.65	485.8
1	4	21.6	15365.65	485.8
2	4	21.6	15365.65	485.8
3	4	21.6	15365.65	485.8
4	4	21.6	15365.65	485.8
5	4	21.6	15365.65	485.8
6	4	21.6	15365.65	485.8
7	4	21.6	15365.65	485.8
8	4	21.6	15365.65	485.8
9	4	21.6	15365.65	485.8
10	4	21.6	16666.32	689.95
11	4	21.6	16666.32	689.95
12	4	21.6	16666.32	689.95
13	4	21.6	16666.32	689.95
14	4	21.6	16666.32	689.95
15	4	21.6	16666.32	689.95
16	4	21.6	16666.32	689.95
17	4	21.6	16666.32	689.95
18	4	21.6	16666.32	689.95
19	4	21.6	16666.32	689.95
20	4	17.7	18548.62	194.47
21	4	17.7	18548.62	194.47
22	4	17.7	18548.62	194.47
23	4	17.7	18548.62	194.47
24	4	17.7	18548.62	194.47
25	4	17.7	18548.62	194.47
26	4	17.7	18548.62	194.47
27	4	17.7	18548.62	194.47
28	4	17.7	18548.62	194.47
29	4	17.7	18548.62	194.47
30	4	22.5	17742	285.82
31	4	22.5	17742	285.82
32	4	22.5	17742	285.82
33	4	22.5	17742	285.82
34	4	22.5	17742	285.82
35	4	22.5	17742	285.82
36	4	22.5	17742	285.82
37	4	22.5	17742	285.82
38	4	22.5	17742	285.82
39	4	22.5	17742	285.82
0	5	21.6	15365.65	485.8
1	5	21.6	15365.65	485.8
2	5	21.6	15365.65	485.8
3	5	21.6	15365.65	485.8
4	5	21.6	15365.65	485.8
5	5	21.6	15365.65	485.8
6	5	21.6	15365.65	485.8
7	5	21.6	15365.65	485.8
8	5	21.6	15365.65	485.8
9	5	21.6	15365.65	485.8
10	5	21.6	16666.32	689.95
11	5	21.6	16666.32	689.95
12	5	21.6	16666.32	689.95
13	5	21.6	16666.32	689.95
14	5	21.6	16666.32	689.95
15	5	21.6	16666.32	689.95
16	5	21.6	16666.32	689.95
17	5	21.6	16666.32	689.95
18	5	21.6	16666.32	689.95
19	5	21.6	16666.32	689.95
20	5	17.7	18548.62	194.47
21	5	17.7	18548.62	194.47
22	5	17.7	18548.62	194.47
23	5	17.7	18548.62	194.47
24	5	17.7	18548.62	194.47
25	5	17.7	18548.62	194.47
26	5	17.7	18548.62	194.47
27	5	17.7	18548.62	194.47
28	5	17.7	18548.62	194.47
29	5	17.7	18548.62	194.47
30	5	22.5	17742	285.82
31	5	22.5	17742	285.82
32	5	22.5	17742	285.82
33	5	22.5	17742	285.82
34	5	22.5	17742	285.82
35	5	22.5	17742	285.82
36	5	22.5	17742	285.82
37	5	22.5	17742	285.82
38	5	22.5	17742	285.82
39	5	22.5	17742	285.82
0	6	21.6	15365.65	485.8
1	6	21.6	15365.65	485.8
2	6	21.6	15365.65	485.8
3	6	21.6	15365.65	485.8
4	6	21.6	15365.65	485.8
5	6	21.6	15365.65	485.8
6	6	21.6	15365.65	485.8
7	6	21.6	15365.65	485.8
8	6	21.6	15365.65	485.8
9	6	21.6	15365.65	485.8
10	6	21.6	16666.32	689.95
11	6	21.6	16666.32	689.95
12	6	21.6	16666.32	689.95
13	6	21.6	16666.32	689.95
14	6	21.6	16666.32	689.95
15	6	21.6	16666.32	689.95
16	6	21.6	16666.32	689.95
17	6	21.6	16666.32	689.95
18	6	21.6	16666.32	689.95
19	6	21.6	16666.32	689.95
20	6	17.7	18548.62	194.47
21	6	17.7	18548.62	194.47
22	6	17.7	18548.62	194.47
23	6	17.7	18548.62	194.47
24	6	17.7	18548.62	194.47
25	6	17.7	18548.62	194.47
26	6	17.7	18548.62	194.47
27	6	17.7	18548.62	194.47
28	6	17.7	18548.62	194.47
29	6	17.7	18548.62	194.47
30	6	22.5	17742	285.82
31	6	22.5	17742	285.82
32	6	22.5	17742	285.82
33	6	22.5	17742	285.82
34	6	22.5	17742	285.82
35	6	22.5	17742	285.82
36	6	22.5	17742	285.82
37	6	22.5	17742	285.82
38	6	22.5	17742	285.82
39	6	22.5	17742	285.82
0	7	21.6	15365.65	485.8
1	7	21.6	15365.65	485.8
2	7	21.6	15365.65	485.8
3	7	21.6	15365.65	485.8
4	7	21.6	15365.65	485.8
5	7	21.6	15365.65	485.8
6	7	21.6	15365.65	485.8
7	7	21.6	15365.65	485.8
8	7	21.6	15365.65	485.8
9	7	21.6	15365.65	485.8
10	7	21.6	16666.32	689.95
11	7	21.6	16666.32	689.95
12	7	21.6	16666.32	689.95
13	7	21.6	16666.32	689.95
14	7	21.6	16666.32	689.95
15	7	21.6	16666.32	689.95
16	7	21.6	16666.32	689.95
17	7	21.6	16666.32	689.95
18	7	21.6	16666.32	689.95
19	7	21.6	16666.32	689.95
20	7	17.7	18548.62	194.47
21	7	17.7	18548.62	194.47
22	7	17.7	18548.62	194.47
23	7	17.7	18548.62	194.47
24	7	17.7	18548.62	194.47
25	7	17.7	18548.62	194.47
26	7	17.7	18548.62	194.47
27	7	17.7	18548.62	194.47
28	7	17.7	18548.62	194.47
29	7	17.7	18548.62	194.47
30	7	22.5	17742	285.82
31	7	22.5	17742	285.82
32	7	22.5	17742	285.82
33	7	22.5	17742	285.82
34	7	22.5	17742	285.82
35	7	22.5	17742	285.82
36	7	22.5	17742	285.82
37	7	22.5	17742	285.82
38	7	22.5	17742	285.82
39	7	22.5	17742	285.82
0	8	21.6	15365.65	485.8
1	8	21.6	15365.65	485.8
2	8	21.6	15365.65	485.8
3	8	21.6	15365.65	485.8
4	8	21.6	15365.65	485.8
5	8	21.6	15365.65	485.8
6	8	21.6	15365.65	485.8
7	8	21.6	15365.65	485.8
8	8	21.6	15365.65	485.8
9	8	21.6	15365.65	485.8
10	8	21.6	16666.32	689.95
11	8	21.6	16666.32	689.95
12	8	21.6	16666.32	689.95
13	8	21.6	16666.32	689.95
14	8	21.6	16666.32	689.95
15	8	21.6	16666.32	689.95
16	8	21.6	16666.32	689.95
17	8	21.6	16666.32	689.95
18	8	21.6	16666.32	689.95
19	8	21.6	16666.32	689.95
20	8	17.7	18548.62	194.47
21	8	17.7	18548.62	194.47
22	8	17.7	18548.62	194.47
23	8	17.7	18548.62	194.47
24	8	17.7	18548.62	194.47
25	8	17.7	18548.62	194.47
26	8	17.7	18548.62	194.47
27	8	17.7	18548.62	194.47
28	8	17.7	18548.62	194.47
29	8	17.7	18548.62	194.47
30	8	22.5	17742	285.82
31	8	22.5	17742	285.82
32	8	22.5	17742	285.82
33	8	22.5	17742	285.82
34	8	22.5	17742	285.82
35	8	22.5	17742	285.82
36	8	22.5	17742	285.82
37	8	22.5	17742	285.82
38	8	22.5	17742	285.82
39	8	22.5	17742	285.82
0	9	21.6	15365.65	485.8
1	9	21.6	15365.65	485.8
2	9	21.6	15365.65	485.8
3	9	21.6	15365.65	485.8
4	9	21.6	15365.65	485.8
5	9	21.6	15365.65	485.8
6	9	21.6	15365.65	485.8
7	9	21.6	15365.65	485.8
8	9	21.6	15365.65	485.8
9	9	21.6	15365.65	485.8
10	9	21.6	16666.32	689.95
11	9	21.6	16666.32	689.95
12	9	21.6	16666.32	689.95
13	9	21.6	16666.32	689.95
14	9	21.6	16666.32	689.95
15	9	21.6	16666.32	689.95
16	9	21.6	16666.32	689.95
17	9	21.6	16666.32	689.95
18	9	21.6	16666.32	689.95
19	9	21.6	16666.32	689.95
20	9	17.7	18548.62	194.47
21	9	17.7	18548.62	194.47
22	9	17.7	18548.62	194.47
23	9	17.7	18548.62	194.47
24	9	17.7	18548.62	194.47
25	9	17.7	18548.62	194.47
26	9	17.7	18548.62	194.47
27	9	17.7	18548.62	194.47
28	9	17.7	18548.62	194.47
29	9	17.7	18548.62	194.47
30	9	22.5	17742	285.82
31	9	22.5	17742	285.82
32	9	22.5	17742	285.82
33	9	22.5	17742	285.82
34	9	22.5	17742	285.82
35	9	22.5	17742	285.82
36	9	22.5	17742	285.82
37	9	22.5	17742	285.82
38	9	22.5	17742	285.82
39	9	22.5	17742	285.82
0	10	27.7	18658.4	357.05
1	10	27.7	18658.4	357.05
2	10	27.7	18658.4	357.05
3	10	27.7	18658.4	357.05
4	10	27.7	18658.4	357.05
5	10	27.7	18658.4	357.05
6	10	27.7	18658.4	357.05
7	10	27.7	18658.4	357.05
8	10	27.7	18658.4	357.05
9	10	27.7	18658.4	357.05
10	10	19.2	16380.37	371.01
11	10	19.2	16380.37	371.01
12	10	19.2	16380.37	371.01
13	10	19.2	16380.37	371.01
14	10	19.2	16380.37	371.01
15	10	19.2	16380.37	371.01
16	10	19.2	16380.37	371.01
17	10	19.2	16380.37	371.01
18	10	19.2	16380.37	371.01
19	10	19.2	16380.37	371.01
20	10	16.2	17082.07	268.27
21	10	16.2	17082.07	268.27
22	10	16.2	17082.07	268.27
23	10	16.2	17082.07	268.27
24	10	16.2	17082.07	268.27
25	10	16.2	17082.07	268.27
26	10	16.2	17082.07	268.27
27	10	16.2	17082.07	268.27
28	10	16.2	17082.07	268.27
29	10	16.2	17082.07	268.27
30	10	17.5	18041.78	253.88
31	10	17.5	18041.78	253.88
32	10	17.5	18041.78	253.88
33	10	17.5	18041.78	253.88
34	10	17.5	18041.78	253.88
35	10	17.5	18041.78	253.88
36	10	17.5	18041.78	253.88
37	10	17.5	18041.78	253.88
38	10	17.5	18041.78	253.88
39	10	17.5	18041.78	253.88
0	11	27.7	18658.4	357.05
1	11	27.7	18658.4	357.05
2	11	27.7	18658.4	357.05
3	11	27.7	18658.4	357.05
4	11	27.7	18658.4	357.05
5	11	27.7	18658.4	357.05
6	11	27.7	18658.4	357.05
7	11	27.7	18658.4	357.05
8	11	27.7	18658.4	357.05
9	11	27.7	18658.4	357.05
10	11	19.2	16380.37	371.01
11	11	19.2	16380.37	371.01
12	11	19.2	16380.37	371.01
13	11	19.2	16380.37	371.01
14	11	19.2	16380.37	371.01
15	11	19.2	16380.37	371.01
16	11	19.2	16380.37	371.01
17	11	19.2	16380.37	371.01
18	11	19.2	16380.37	371.01
19	11	19.2	16380.37	371.01
20	11	16.2	17082.07	268.27
21	11	16.2	17082.07	268.27
22	11	16.2	17082.07	268.27
23	11	16.2	17082.07	268.27
24	11	16.2	17082.07	268.27
25	11	16.2	17082.07	268.27
26	11	16.2	17082.07	268.27
27	11	16.2	17082.07	268.27
28	11	16.2	17082.07	268.27
29	11	16.2	17082.07	268.27
30	11	17.5	18041.78	253.88
31	11	17.5	18041.78	253.88
32	11	17.5	18041.78	253.88
33	11	17.5	18041.78	253.88
34	11	17.5	18041.78	253.88
35	11	17.5	18041.78	253.88
36	11	17.5	18041.78	253.88
37	11	17.5	18041.78	253.88
38	11	17.5	18041.78	253.88
39	11	17.5	18041.78	253.88
0	12	27.7	18658.4	357.05
1	12	27.7	18658.4	357.05
2	12	27.7	18658.4	357.05
3	12	27.7	18658.4	357.05
4	12	27.7	18658.4	357.05
5	12	27.7	18658.4	357.05
6	12	27.7	18658.4	357.05
7	12	27.7	18658.4	357.05
8	12	27.7	18658.4	357.05
9	12	27.7	18658.4	357.05
10	12	19.2	16380.37	371.01
11	12	19.2	16380.37	371.01
12	12	19.2	16380.37	371.01
13	12	19.2	16380.37	371.01
14	12	19.2	16380.37	371.01
15	12	19.2	16380.37	371.01
16	12	19.2	16380.37	371.01
17	12	19.2	16380.37	371.01
18	12	19.2	16380.37	371.01
19	12	19.2	16380.37	371.01
20	12	16.2	17082.07	268.27
21	12	16.2	17082.07	268.27
22	12	16.2	17082.07	268.27
23	12	16.2	17082.07	268.27
24	12	16.2	17082.07	268.27
25	12	16.2	17082.07	268.27
26	12	16.2	17082.07	268.27
27	12	16.2	17082.07	268.27
28	12	16.2	17082.07	268.27
29	12	16.2	17082.07	268.27
30	12	17.5	18041.78	253.88
31	12	17.5	18041.78	253.88
32	12	17.5	18041.78	253.88
33	12	17.5	18041.78	253.88
34	12	17.5	18041.78	253.88
35	12	17.5	18041.78	253.88
36	12	17.5	18041.78	253.88
37	12	17.5	18041.78	253.88
38	12	17.5	18041.78	253.88
39	12	17.5	18041.78	253.88
0	13	27.7	18658.4	357.05
1	13	27.7	18658.4	357.05
2	13	27.7	18658.4	357.05
3	13	27.7	18658.4	357.05
4	13	27.7	18658.4	357.05
5	13	27.7	18658.4	357.05
6	13	27.7	18658.4	357.05
7	13	27.7	18658.4	357.05
8	13	27.7	18658.4	357.05
9	13	27.7	18658.4	357.05
10	13	19.2	16380.37	371.01
11	13	19.2	16380.37	371.01
12	13	19.2	16380.37	371.01
13	13	19.2	16380.37	371.01
14	13	19.2	16380.37	371.01
15	13	19.2	16380.37	371.01
16	13	19.2	16380.37	371.01
17	13	19.2	16380.37	371.01
18	13	19.2	16380.37	371.01
19	13	19.2	16380.37	371.01
20	13	16.2	17082.07	268.27
21	13	16.2	17082.07	268.27
22	13	16.2	17082.07	268.27
23	13	16.2	17082.07	268.27
24	13	16.2	17082.07	268.27
25	13	16.2	17082.07	268.27
26	13	16.2	17082.07	268.27
27	13	16.2	17082.07	268.27
28	13	16.2	17082.07	268.27
29	13	16.2	17082.07	268.27
30	13	17.5	18041.78	253.88
31	13	17.5	18041.78	253.88
32	13	17.5	18041.78	253.88
33	13	17.5	18041.78	253.88
34	13	17.5	18041.78	253.88
35	13	17.5	18041.78	253.88
36	13	17.5	18041.78	253.88
37	13	17.5	18041.78	253.88
38	13	17.5	18041.78	253.88
39	13	17.5	18041.78	253.88
0	14	27.7	18658.4	357.05
1	14	27.7	18658.4	357.05
2	14	27.7	18658.4	357.05
3	14	27.7	18658.4	357.05
4	14	27.7	18658.4	357.05
5	14	27.7	18658.4	357.05
6	14	27.7	18658.4	357.05
7	14	27.7	18658.4	357.05
8	14	27.7	18658.4	357.05
9	14	27.7	18658.4	357.05
10	14	19.2	16380.37	371.01
11	14	19.2	16380.37	371.01
12	14	19.2	16380.37	371.01
13	14	19.2	16380.37	371.01
14	14	19.2	16380.37	371.01
15	14	19.2	16380.37	371.01
16	14	19.2	16380.37	371.01
17	14	19.2	16380.37	371.01
18	14	19.2	16380.37	371.01
19	14	19.2	16380.37	371.01
20	14	16.2	17082.07	268.27
21	14	16.2	17082.07	268.27
22	14	16.2	17082.07	268.27
23	14	16.2	17082.07	268.27
24	14	16.2	17082.07	268.27
25	14	16.2	17082.07	268.27
26	14	16.2	17082.07	268.27
27	14	16.2	17082.07	268.27
28	14	16.2	17082.07	268.27
29	14	16.2	17082.07	268.27
30	14	17.5	18041.78	253.88
31	14	17.5	18041.78	253.88
32	14	17.5	18041.78	253.88
33	14	17.5	18041.78	253.88
34	14	17.5	18041.78	253.88
35	14	17.5	18041.78	253.88
36	14	17.5	18041.78	253.88
37	14	17.5	18041.78	253.88
38	14	17.5	18041.78	253.88
39	14	17.5	18041.78	253.88
0	15	27.7	18658.4	357.05
1	15	27.7	18658.4	357.05
2	15	27.7	18658.4	357.05
3	15	27.7	18658.4	357.05
4	15	27.7	18658.4	357.05
5	15	27.7	18658.4	357.05
6	15	27.7	18658.4	357.05
7	15	27.7	18658.4	357.05
8	15	27.7	18658.4	357.05
9	15	27.7	18658.4	357.05
10	15	19.2	16380.37	371.01
11	15	19.2	16380.37	371.01
12	15	19.2	16380.37	371.01
13	15	19.2	16380.37	371.01
14	15	19.2	16380.37	371.01
15	15	19.2	16380.37	371.01
16	15	19.2	16380.37	371.01
17	15	19.2	16380.37	371.01
18	15	19.2	16380.37	371.01
19	15	19.2	16380.37	371.01
20	15	16.2	17082.07	268.27
21	15	16.2	17082.07	268.27
22	15	16.2	17082.07	268.27
23	15	16.2	17082.07	268.27
24	15	16.2	17082.07	268.27
25	15	16.2	17082.07	268.27
26	15	16.2	17082.07	268.27
27	15	16.2	17082.07	268.27
28	15	16.2	17082.07	268.27
29	15	16.2	17082.07	268.27
30	15	17.5	18041.78	253.88
31	15	17.5	18041.78	253.88
32	15	17.5	18041.78	253.88
33	15	17.5	18041.78	253.88
34	15	17.5	18041.78	253.88
35	15	17.5	18041.78	253.88
36	15	17.5	18041.78	253.88
37	15	17.5	18041.78	253.88
38	15	17.5	18041.78	253.88
39	15	17.5	18041.78	253.88
0	16	27.7	18658.4	357.05
1	16	27.7	18658.4	357.05
2	16	27.7	18658.4	357.05
3	16	27.7	18658.4	357.05
4	16	27.7	18658.4	357.05
5	16	27.7	18658.4	357.05
6	16	27.7	18658.4	357.05
7	16	27.7	18658.4	357.05
8	16	27.7	18658.4	357.05
9	16	27.7	18658.4	357.05
10	16	19.2	16380.37	371.01
11	16	19.2	16380.37	371.01
12	16	19.2	16380.37	371.01
13	16	19.2	16380.37	371.01
14	16	19.2	16380.37	371.01
15	16	19.2	16380.37	371.01
16	16	19.2	16380.37	371.01
17	16	19.2	16380.37	371.01
18	16	19.2	16380.37	371.01
19	16	19.2	16380.37	371.01
20	16	16.2	17082.07	268.27
21	16	16.2	17082.07	268.27
22	16	16.2	17082.07	268.27
23	16	16.2	17082.07	268.27
24	16	16.2	17082.07	268.27
25	16	16.2	17082.07	268.27
26	16	16.2	17082.07	268.27
27	16	16.2	17082.07	268.27
28	16	16.2	17082.07	268.27
29	16	16.2	17082.07	268.27
30	16	17.5	18041.78	253.88
31	16	17.5	18041.78	253.88
32	16	17.5	18041.78	253.88
33	16	17.5	18041.78	253.88
34	16	17.5	18041.78	253.88
35	16	17.5	18041.78	253.88
36	16	17.5	18041.78	253.88
37	16	17.5	18041.78	253.88
38	16	17.5	18041.78	253.88
39	16	17.5	18041.78	253.88
0	17	27.7	18658.4	357.05
1	17	27.7	18658.4	357.05
2	17	27.7	18658.4	357.05
3	17	27.7	18658.4	357.05
4	17	27.7	18658.4	357.05
5	17	27.7	18658.4	357.05
6	17	27.7	18658.4	357.05
7	17	27.7	18658.4	357.05
8	17	27.7	18658.4	357.05
9	17	27.7	18658.4	357.05
10	17	19.2	16380.37	371.01
11	17	19.2	16380.37	371.01
12	17	19.2	16380.37	371.01
13	17	19.2	16380.37	371.01
14	17	19.2	16380.37	371.01
15	17	19.2	16380.37	371.01
16	17	19.2	16380.37	371.01
17	17	19.2	16380.37	371.01
18	17	19.2	16380.37	371.01
19	17	19.2	16380.37	371.01
20	17	16.2	17082.07	268.27
21	17	16.2	17082.07	268.27
22	17	16.2	17082.07	268.27
23	17	16.2	17082.07	268.27
24	17	16.2	17082.07	268.27
25	17	16.2	17082.07	268.27
26	17	16.2	17082.07	268.27
27	17	16.2	17082.07	268.27
28	17	16.2	17082.07	268.27
29	17	16.2	17082.07	268.27
30	17	17.5	18041.78	253.88
31	17	17.5	18041.78	253.88
32	17	17.5	18041.78	253.88
33	17	17.5	18041.78	253.88
34	17	17.5	18041.78	253.88
35	17	17.5	18041.78	253.88
36	17	17.5	18041.78	253.88
37	17	17.5	18041.78	253.88
38	17	17.5	18041.78	253.88
39	17	17.5	18041.78	253.88
0	18	27.7	18658.4	357.05
1	18	27.7	18658.4	357.05
2	18	27.7	18658.4	357.05
3	18	27.7	18658.4	357.05
4	18	27.7	18658.4	357.05
5	18	27.7	18658.4	357.05
6	18	27.7	18658.4	357.05
7	18	27.7	18658.4	357.05
8	18	27.7	18658.4	357.05
9	18	27.7	18658.4	357.05
10	18	19.2	16380.37	371.01
11	18	19.2	16380.37	371.01
12	18	19.2	16380.37	371.01
13	18	19.2	16380.37	371.01
14	18	19.2	16380.37	371.01
15	18	19.2	16380.37	371.01
16	18	19.2	16380.37	371.01
17	18	19.2	16380.37	371.01
18	18	19.2	16380.37	371.01
19	18	19.2	16380.37	371.01
20	18	16.2	17082.07	268.27
21	18	16.2	17082.07	268.27
22	18	16.2	17082.07	268.27
23	18	16.2	17082.07	268.27
24	18	16.2	17082.07	268.27
25	18	16.2	17082.07	268.27
26	18	16.2	17082.07	268.27
27	18	16.2	17082.07	268.27
28	18	16.2	17082.07	268.27
29	18	16.2	17082.07	268.27
30	18	17.5	18041.78	253.88
31	18	17.5	18041.78	253.88
32	18	17.5	18041.78	253.88
33	18	17.5	18041.78	253.88
34	18	17.5	18041.78	253.88
35	18	17.5	18041.78	253.88
36	18	17.5	18041.78	253.88
37	18	17.5	18041.78	253.88
38	18	17.5	18041.78	253.88
39	18	17.5	18041.78	253.88
0	19	27.7	18658.4	357.05
1	19	27.7	18658.4	357.05
2	19	27.7	18658.4	357.05
3	19	27.7	18658.4	357.05
4	19	27.7	18658.4	357.05
5	19	27.7	18658.4	357.05
6	19	27.7	18658.4	357.05
7	19	27.7	18658.4	357.05
8	19	27.7	18658.4	357.05
9	19	27.7	18658.4	357.05
10	19	19.2	16380.37	371.01
11	19	19.2	16380.37	371.01
12	19	19.2	16380.37	371.01
13	19	19.2	16380.37	371.01
14	19	19.2	16380.37	371.01
15	19	19.2	16380.37	371.01
16	19	19.2	16380.37	371.01
17	19	19.2	16380.37	371.01
18	19	19.2	16380.37	371.01
19	19	19.2	16380.37	371.01
20	19	16.2	17082.07	268.27
21	19	16.2	17082.07	268.27
22	19	16.2	17082.07	268.27
23	19	16.2	17082.07	268.27
24	19	16.2	17082.07	268.27
25	19	16.2	17082.07	268.27
26	19	16.2	17082.07	268.27
27	19	16.2	17082.07	268.27
28	19	16.2	17082.07	268.27
29	19	16.2	17082.07	268.27
30	19	17.5	18041.78	253.88
31	19	17.5	18041.78	253.88
32	19	17.5	18041.78	253.88
33	19	17.5	18041.78	253.88
34	19	17.5	18041.78	253.88
35	19	17.5	18041.78	253.88
36	19	17.5	18041.78	253.88
37	19	17.5	18041.78	253.88
38	19	17.5	18041.78	253.88
39	19	17.5	18041.78	253.88
0	20	26	16452.56	324.37
1	20	26	16452.56	324.37
2	20	26	16452.56	324.37
3	20	26	16452.56	324.37
4	20	26	16452.56	324.37
5	20	26	16452.56	324.37
6	20	26	16452.56	324.37
7	20	26	16452.56	324.37
8	20	26	16452.56	324.37
9	20	26	16452.56	324.37
10	20	18.7	19321.37	501.83
11	20	18.7	19321.37	501.83
12	20	18.7	19321.37	501.83
13	20	18.7	19321.37	501.83
14	20	18.7	19321.37	501.83
15	20	18.7	19321.37	501.83
16	20	18.7	19321.37	501.83
17	20	18.7	19321.37	501.83
18	20	18.7	19321.37	501.83
19	20	18.7	19321.37	501.83
20	20	17.8	19651.14	239.83
21	20	17.8	19651.14	239.83
22	20	17.8	19651.14	239.83
23	20	17.8	19651.14	239.83
24	20	17.8	19651.14	239.83
25	20	17.8	19651.14	239.83
26	20	17.8	19651.14	239.83
27	20	17.8	19651.14	239.83
28	20	17.8	19651.14	239.83
29	20	17.8	19651.14	239.83
30	20	21.8	16327.68	446.37
31	20	21.8	16327.68	446.37
32	20	21.8	16327.68	446.37
33	20	21.8	16327.68	446.37
34	20	21.8	16327.68	446.37
35	20	21.8	16327.68	446.37
36	20	21.8	16327.68	446.37
37	20	21.8	16327.68	446.37
38	20	21.8	16327.68	446.37
39	20	21.8	16327.68	446.37
0	21	26	16452.56	324.37
1	21	26	16452.56	324.37
2	21	26	16452.56	324.37
3	21	26	16452.56	324.37
4	21	26	16452.56	324.37
5	21	26	16452.56	324.37
6	21	26	16452.56	324.37
7	21	26	16452.56	324.37
8	21	26	16452.56	324.37
9	21	26	16452.56	324.37
10	21	18.7	19321.37	501.83
11	21	18.7	19321.37	501.83
12	21	18.7	19321.37	501.83
13	21	18.7	19321.37	501.83
14	21	18.7	19321.37	501.83
15	21	18.7	19321.37	501.83
16	21	18.7	19321.37	501.83
17	21	18.7	19321.37	501.83
18	21	18.7	19321.37	501.83
19	21	18.7	19321.37	501.83
20	21	17.8	19651.14	239.83
21	21	17.8	19651.14	239.83
22	21	17.8	19651.14	239.83
23	21	17.8	19651.14	239.83
24	21	17.8	19651.14	239.83
25	21	17.8	19651.14	239.83
26	21	17.8	19651.14	239.83
27	21	17.8	19651.14	239.83
28	21	17.8	19651.14	239.83
29	21	17.8	19651.14	239.83
30	21	21.8	16327.68	446.37
31	21	21.8	16327.68	446.37
32	21	21.8	16327.68	446.37
33	21	21.8	16327.68	446.37
34	21	21.8	16327.68	446.37
35	21	21.8	16327.68	446.37
36	21	21.8	16327.68	446.37
37	21	21.8	16327.68	446.37
38	21	21.8	16327.68	446.37
39	21	21.8	16327.68	446.37
0	22	26	16452.56	324.37
1	22	26	16452.56	324.37
2	22	26	16452.56	324.37
3	22	26	16452.56	324.37
4	22	26	16452.56	324.37
5	22	26	16452.56	324.37
6	22	26	16452.56	324.37
7	22	26	16452.56	324.37
8	22	26	16452.56	324.37
9	22	26	16452.56	324.37
10	22	18.7	19321.37	501.83
11	22	18.7	19321.37	501.83
12	22	18.7	19321.37	501.83
13	22	18.7	19321.37	501.83
14	22	18.7	19321.37	501.83
15	22	18.7	19321.37	501.83
16	22	18.7	19321.37	501.83
17	22	18.7	19321.37	501.83
18	22	18.7	19321.37	501.83
19	22	18.7	19321.37	501.83
20	22	17.8	19651.14	239.83
21	22	17.8	19651.14	239.83
22	22	17.8	19651.14	239.83
23	22	17.8	19651.14	239.83
24	22	17.8	19651.14	239.83
25	22	17.8	19651.14	239.83
26	22	17.8	19651.14	239.83
27	22	17.8	19651.14	239.83
28	22	17.8	19651.14	239.83
29	22	17.8	19651.14	239.83
30	22	21.8	16327.68	446.37
31	22	21.8	16327.68	446.37
32	22	21.8	16327.68	446.37
33	22	21.8	16327.68	446.37
34	22	21.8	16327.68	446.37
35	22	21.8	16327.68	446.37
36	22	21.8	16327.68	446.37
37	22	21.8	16327.68	446.37
38	22	21.8	16327.68	446.37
39	22	21.8	16327.68	446.37
0	23	26	16452.56	324.37
1	23	26	16452.56	324.37
2	23	26	16452.56	324.37
3	23	26	16452.56	324.37
4	23	26	16452.56	324.37
5	23	26	16452.56	324.37
6	23	26	16452.56	324.37
7	23	26	16452.56	324.37
8	23	26	16452.56	324.37
9	23	26	16452.56	324.37
10	23	18.7	19321.37	501.83
11	23	18.7	19321.37	501.83
12	23	18.7	19321.37	501.83
13	23	18.7	19321.37	501.83
14	23	18.7	19321.37	501.83
15	23	18.7	19321.37	501.83
16	23	18.7	19321.37	501.83
17	23	18.7	19321.37	501.83
18	23	18.7	19321.37	501.83
19	23	18.7	19321.37	501.83
20	23	17.8	19651.14	239.83
21	23	17.8	19651.14	239.83
22	23	17.8	19651.14	239.83
23	23	17.8	19651.14	239.83
24	23	17.8	19651.14	239.83
25	23	17.8	19651.14	239.83
26	23	17.8	19651.14	239.83
27	23	17.8	19651.14	239.83
28	23	17.8	19651.14	239.83
29	23	17.8	19651.14	239.83
30	23	21.8	16327.68	446.37
31	23	21.8	16327.68	446.37
32	23	21.8	16327.68	446.37
33	23	21.8	16327.68	446.37
34	23	21.8	16327.68	446.37
35	23	21.8	16327.68	446.37
36	23	21.8	16327.68	446.37
37	23	21.8	16327.68	446.37
38	23	21.8	16327.68	446.37
39	23	21.8	16327.68	446.37
0	24	26	16452.56	324.37
1	24	26	16452.56	324.37
2	24	26	16452.56	324.37
3	24	26	16452.56	324.37
4	24	26	16452.56	324.37
5	24	26	16452.56	324.37
6	24	26	16452.56	324.37
7	24	26	16452.56	324.37
8	24	26	16452.56	324.37
9	24	26	16452.56	324.37
10	24	18.7	19321.37	501.83
11	24	18.7	19321.37	501.83
12	24	18.7	19321.37	501.83
13	24	18.7	19321.37	501.83
14	24	18.7	19321.37	501.83
15	24	18.7	19321.37	501.83
16	24	18.7	19321.37	501.83
17	24	18.7	19321.37	501.83
18	24	18.7	19321.37	501.83
19	24	18.7	19321.37	501.83
20	24	17.8	19651.14	239.83
21	24	17.8	19651.14	239.83
22	24	17.8	19651.14	239.83
23	24	17.8	19651.14	239.83
24	24	17.8	19651.14	239.83
25	24	17.8	19651.14	239.83
26	24	17.8	19651.14	239.83
27	24	17.8	19651.14	239.83
28	24	17.8	19651.14	239.83
29	24	17.8	19651.14	239.83
30	24	21.8	16327.68	446.37
31	24	21.8	16327.68	446.37
32	24	21.8	16327.68	446.37
33	24	21.8	16327.68	446.37
34	24	21.8	16327.68	446.37
35	24	21.8	16327.68	446.37
36	24	21.8	16327.68	446.37
37	24	21.8	16327.68	446.37
38	24	21.8	16327.68	446.37
39	24	21.8	16327.68	446.37
0	25	26	16452.56	324.37
1	25	26	16452.56	324.37
2	25	26	16452.56	324.37
3	25	26	16452.56	324.37
4	25	26	16452.56	324.37
5	25	26	16452.56	324.37
6	25	26	16452.56	324.37
7	25	26	16452.56	324.37
8	25	26	16452.56	324.37
9	25	26	16452.56	324.37
10	25	18.7	19321.37	501.83
11	25	18.7	19321.37	501.83
12	25	18.7	19321.37	501.83
13	25	18.7	19321.37	501.83
14	25	18.7	19321.37	501.83
15	25	18.7	19321.37	501.83
16	25	18.7	19321.37	501.83
17	25	18.7	19321.37	501.83
18	25	18.7	19321.37	501.83
19	25	18.7	19321.37	501.83
20	25	17.8	19651.14	239.83
21	25	17.8	19651.14	239.83
22	25	17.8	19651.14	239.83
23	25	17.8	19651.14	239.83
24	25	17.8	19651.14	239.83
25	25	17.8	19651.14	239.83
26	25	17.8	19651.14	239.83
27	25	17.8	19651.14	239.83
28	25	17.8	19651.14	239.83
29	25	17.8	19651.14	239.83
30	25	21.8	16327.68	446.37
31	25	21.8	16327.68	446.37
32	25	21.8	16327.68	446.37
33	25	21.8	16327.68	446.37
34	25	21.8	16327.68	446.37
35	25	21.8	16327.68	446.37
36	25	21.8	16327.68	446.37
37	25	21.8	16327.68	446.37
38	25	21.8	16327.68	446.37
39	25	21.8	16327.68	446.37
0	26	26	16452.56	324.37
1	26	26	16452.56	324.37
2	26	26	16452.56	324.37
3	26	26	16452.56	324.37
4	26	26	16452.56	324.37
5	26	26	16452.56	324.37
6	26	26	16452.56	324.37
7	26	26	16452.56	324.37
8	26	26	16452.56	324.37
9	26	26	16452.56	324.37
10	26	18.7	19321.37	501.83
11	26	18.7	19321.37	501.83
12	26	18.7	19321.37	501.83
13	26	18.7	19321.37	501.83
14	26	18.7	19321.37	501.83
15	26	18.7	19321.37	501.83
16	26	18.7	19321.37	501.83
17	26	18.7	19321.37	501.83
18	26	18.7	19321.37	501.83
19	26	18.7	19321.37	501.83
20	26	17.8	19651.14	239.83
21	26	17.8	19651.14	239.83
22	26	17.8	19651.14	239.83
23	26	17.8	19651.14	239.83
24	26	17.8	19651.14	239.83
25	26	17.8	19651.14	239.83
26	26	17.8	19651.14	239.83
27	26	17.8	19651.14	239.83
28	26	17.8	19651.14	239.83
29	26	17.8	19651.14	239.83
30	26	21.8	16327.68	446.37
31	26	21.8	16327.68	446.37
32	26	21.8	16327.68	446.37
33	26	21.8	16327.68	446.37
34	26	21.8	16327.68	446.37
35	26	21.8	16327.68	446.37
36	26	21.8	16327.68	446.37
37	26	21.8	16327.68	446.37
38	26	21.8	16327.68	446.37
39	26	21.8	16327.68	446.37
0	27	26	16452.56	324.37
1	27	26	16452.56	324.37
2	27	26	16452.56	324.37
3	27	26	16452.56	324.37
4	27	26	16452.56	324.37
5	27	26	16452.56	324.37
6	27	26	16452.56	324.37
7	27	26	16452.56	324.37
8	27	26	16452.56	324.37
9	27	26	16452.56	324.37
10	27	18.7	19321.37	501.83
11	27	18.7	19321.37	501.83
12	27	18.7	19321.37	501.83
13	27	18.7	19321.37	501.83
14	27	18.7	19321.37	501.83
15	27	18.7	19321.37	501.83
16	27	18.7	19321.37	501.83
17	27	18.7	19321.37	501.83
18	27	18.7	19321.37	501.83
19	27	18.7	19321.37	501.83
20	27	17.8	19651.14	239.83
21	27	17.8	19651.14	239.83
22	27	17.8	19651.14	239.83
23	27	17.8	19651.14	239.83
24	27	17.8	19651.14	239.83
25	27	17.8	19651.14	239.83
26	27	17.8	19651.14	239.83
27	27	17.8	19651.14	239.83
28	27	17.8	19651.14	239.83
29	27	17.8	19651.14	239.83
30	27	21.8	16327.68	446.37
31	27	21.8	16327.68	446.37
32	27	21.8	16327.68	446.37
33	27	21.8	16327.68	446.37
34	27	21.8	16327.68	446.37
35	27	21.8	16327.68	446.37
36	27	21.8	16327.68	446.37
37	27	21.8	16327.68	446.37
38	27	21.8	16327.68	446.37
39	27	21.8	16327.68	446.37
0	28	26	16452.56	324.37
1	28	26	16452.56	324.37
2	28	26	16452.56	324.37
3	28	26	16452.56	324.37
4	28	26	16452.56	324.37
5	28	26	16452.56	324.37
6	28	26	16452.56	324.37
7	28	26	16452.56	324.37
8	28	26	16452.56	324.37
9	28	26	16452.56	324.37
10	28	18.7	19321.37	501.83
11	28	18.7	19321.37	501.83
12	28	18.7	19321.37	501.83
13	28	18.7	19321.37	501.83
14	28	18.7	19321.37	501.83
15	28	18.7	19321.37	501.83
16	28	18.7	19321.37	501.83
17	28	18.7	19321.37	501.83
18	28	18.7	19321.37	501.83
19	28	18.7	19321.37	501.83
20	28	17.8	19651.14	239.83
21	28	17.8	19651.14	239.83
22	28	17.8	19651.14	239.83
23	28	17.8	19651.14	239.83
24	28	17.8	19651.14	239.83
25	28	17.8	19651.14	239.83
26	28	17.8	19651.14	239.83
27	28	17.8	19651.14	239.83
28	28	17.8	19651.14	239.83
29	28	17.8	19651.14	239.83
30	28	21.8	16327.68	446.37
31	28	21.8	16327.68	446.37
32	28	21.8	16327.68	446.37
33	28	21.8	16327.68	446.37
34	28	21.8	16327.68	446.37
35	28	21.8	16327.68	446.37
36	28	21.8	16327.68	446.37
37	28	21.8	16327.68	446.37
38	28	21.8	16327.68	446.37
39	28	21.8	16327.68	446.37
0	29	26	16452.56	324.37
1	29	26	16452.56	324.37
2	29	26	16452.56	324.37
3	29	26	16452.56	324.37
4	29	26	16452.56	324.37
5	29	26	16452.56	324.37
6	29	26	16452.56	324.37
7	29	26	16452.56	324.37
8	29	26	16452.56	324.37
9	29	26	16452.56	324.37
10	29	18.7	19321.37	501.83
11	29	18.7	19321.37	501.83
12	29	18.7	19321.37	501.83
13	29	18.7	19321.37	501.83
14	29	18.7	19321.37	501.83
15	29	18.7	19321.37	501.83
16	29	18.7	19321.37	501.83
17	29	18.7	19321.37	501.83
18	29	18.7	19321.37	501.83
19	29	18.7	19321.37	501.83
20	29	17.8	19651.14	239.83
21	29	17.8	19651.14	239.83
22	29	17.8	19651.14	239.83
23	29	17.8	19651.14	239.83
24	29	17.8	19651.14	239.83
25	29	17.8	19651.14	239.83
26	29	17.8	19651.14	239.83
27	29	17.8	19651.14	239.83
28	29	17.8	19651.14	239.83
29	29	17.8	19651.14	239.83
30	29	21.8	16327.68	446.37
31	29	21.8	16327.68	446.37
32	29	21.8	16327.68	446.37
33	29	21.8	16327.68	446.37
34	29	21.8	16327.68	446.37
35	29	21.8	16327.68	446.37
36	29	21.8	16327.68	446.37
37	29	21.8	16327.68	446.37
38	29	21.8	16327.68	446.37
39	29	21.8	16327.68	446.37